## RankNet
## Epochs = 100
## No. of features = 8
## No. of hidden layers = 1
## Layer 1: 10 neurons
1 2 3 4 5 6 7 8
1
10
0 0 0.0037159871460976626 -0.04530006746135943 -0.17927220178102016 0.004641754205724696 -0.03307863854918085 0.017037502622987456 -0.055955645706343586 -0.17189378191857266 -0.01609935738961444 -0.13186842632172532
0 1 -49.40585379404102 -47.93537597680061 -47.17918863593184 -36.92139036433341 22.69844948504878 -33.641003705789224 -41.949146068000495 -44.924545408598426 43.62609047368202 -37.09229178388923
0 2 0.028431055337688808 0.10631139181394908 -0.04004535422236209 0.062496873918492284 -0.06264411904504646 0.01731161798846134 0.1378838837658121 0.11126553531108241 -0.05306224585561984 0.04708697851629429
0 3 -0.05479619646420405 0.006591917805605226 -0.03970046719279781 0.03680597734508186 0.10448312302042177 0.0045513834895024785 -0.059257360070733726 0.049861882589346616 0.12291657476404923 0.04687772012681541
0 4 -0.13379117328503143 -0.06489480615896433 -0.07349634967527262 0.05524540072532483 0.07128863681652323 -0.0799090039485053 -0.08397463875041948 0.050142732050218776 -0.05334589605201183 -0.023558657216800033
0 5 -0.09844705709385808 -0.13972471437522746 -0.16959346579531262 -0.06353377638470156 -0.00899479889601147 -0.07308612550254374 -0.09396697062794938 0.007585675903605886 0.08973033645359345 -0.09145529517902115
0 6 -0.04992822525377901 -0.2088406938081877 -0.1835087767863733 -0.19934283868120495 0.13699992639259878 -1.0362083826767744E-4 -0.11132503177843008 -0.06757879446774602 0.11678008258528058 -0.1609563894361002
0 7 -0.03194001296919192 -0.16819534742457318 -0.10280876672578304 -0.03416290043986713 -0.031482244621134574 -0.08207622934687007 -0.20484463935425382 -0.14717249381530834 0.1825543186999054 -0.09198870369848892
0 8 -0.021230468003899466 0.008553649500557103 -0.02859590268359253 0.09822105388111016 0.09637776076690273 -0.0630261509692723 -0.04182376623215791 0.018552977976525345 -0.09709460662368412 -0.09797242516354715 -0.00219152663242252
1 0 -0.20201510072687537
1 1 -0.19966590715565102
1 2 -0.19307338321783307
1 3 -0.17102497138800887
1 4 0.13781940079917804
1 5 -0.15532682821072655
1 6 -0.1815825086541557
1 7 -0.1933788101629467
1 8 0.2189858186770818
1 9 -0.16526046224442686
